# Galaxies Puzzles by KrazyDad, Volume 1, Book 1, Number 1
# https://krazydad.com/galaxies/index.php?vol=1&sv=7X
7x7
1,0.5   | [(0,1) (2,1)] + [(2,0) (2,1)]
1,4     | [(0,3) (2,3)] [(0,5) (2,5)] + [(2,3) (2,5)]
1,6     | [(0,5) (2,5)] + [(2,5) (2,7)]
2,2.5   | [(0,3) (4,3)] [(0,4) (4,4)] + [(4,2) (4,3)]
2.5,4   | [(2,3) (3,3)] [(2,5) (3,5)] + [(2,3) (2,5)] [(3,3) (3,5)]
3,1     | [(0,1) (2,1)] [(4,1) (6,1)] + [(2,0) (2,1)] [(4,1) (4,2)]
3,6     | [(2,5) (4,5)] + [(2,5) (2,7)] [(4,5) (4,7)]
4,4     | [(3,3) (5,3)] [(3,5) (5,5)] + [(3,3) (3,5)] [(5,3) (5,5)]
4.5,6   | [(4,5) (5,5)] + [(4,5) (4,7)] [(5,5) (5,7)]
5.5,2   | [(4,1) (7,1)] [(4,3) (7,3)] + [(4,1) (4,3)]
5.5,6   | [(5,5) (6,5)] + [(5,5) (5,7)] [(6,5) (6,7)]
6,4     | [(5,3) (7,3)] [(5,5) (7,5)] + [(5,3) (5,5)]
6.5,0.5 | [(6,1) (7,1)] + [(6,0) (6,1)]
6.5,6   | [(6,5) (7,5)] + [(6,5) (6,7)]
